00000000000000000001
00000000000000000010
00000000000000000100
00000000000000001000
00000000000000010000
00000000000000100000
00000000000001000000
00000000000010000000
00000000000100000000
00000000001000000000
00000000010000000000
00000000100000000000
00000001000000000000
00000010000000000000
00000100000000000000
00001000000000000000
00010000000000000000
00100000000000000000
01000000000000000000
10000000000000000000;

user www-data;
worker_processes 20;
pid /var/run/nginx.pid;

worker_rlimit_nofile 20480;
worker_priority -2;

worker_cpu_affinity
00000000000000000001 00000000000000000010
00000000000000000100 00000000000000001000
00000000000000010000 00000000000000100000
00000000000001000000 00000000000010000000
00000000000100000000 00000000001000000000
00000000010000000000 00000000100000000000
00000001000000000000 00000010000000000000
00000100000000000000 00001000000000000000
00010000000000000000 00100000000000000000
01000000000000000000 10000000000000000000;




00000000001
00000000010
00000000100
00000001000
00000010000
00000100000
00001000000
00010000000
00100000000
01000000000
10000000000

0000000001
0000000010
0000000100
0000001000
0000010000
0000100000
0001000000
0010000000
0100000000
1000000000

10000000000

